wing 1
points:
1.18624 3.55438
15.4619 1.19207
15.7674 -0.0705464
14.7288 -0.925865
1.28806 -2.49395
height -0.193792 0.606208
wing 0
points:
-1.18624 3.55438
-15.4619 1.19207
-15.7674 -0.0705464
-14.7288 -0.925865
-1.28806 -2.49395
height -0.193792 0.606208
framework
points:
1.24684 -2.51008
1.13164 3.56674
0.642039 7.68515
-0.0203624 8.49155
-0.682764 7.62755
-1.17237 3.59554
-1.25877 -2.48128
-0.253445 -15.3666
0.264956 -15.3666
height -1.01909 1.28091
turret 1 0.24 0.0 3.024 2.031 180.0 360.0
points:
0.216199 2.54535
0.460576 2.79991
0.419846 3.30903
0.226381 3.47195
-0.21146 3.48213
-0.476202 3.22757
-0.466019 2.79991
-0.242007 2.54535
0.0227341 2.52499
height 1.2939 2.24483
engine 0
points:
-6.56234 0.668357
-6.10154 1.10036
-5.87114 1.76276
-5.75594 4.75797
-7.33994 4.77237
-7.26794 1.73396
-7.00874 1.02836
height -0.610977 0.889023
engine 1
points:
-3.76873 3.11636
-3.63913 1.17236
-2.83273 0.236355
-2.22793 1.11476
-2.17033 5.30517
-3.79753 5.29077
height -0.749151 0.750849
turret 0 0.24 0.0 7.188 -0.94 0.0 180.0
points:
-0.170897 6.76107
0.165121 6.75089
0.368768 7.00545
0.236397 7.36183
0.00220293 7.53493
-0.201444 7.41274
-0.35418 7.00545
height -1.16735 0.132647
tail
points:
5.73857 -12.0863
6.32898 -11.1647
5.75297 -10.5167
0.0217588 -9.17746
-5.78146 -10.5455
-6.34306 -11.2367
-5.76706 -12.1151
0.0217588 -12.7775
height 0.359203 0.659203
turret 3 0.24 0.00 -15.376 0.292 180.0 30.0
points:
0.234365 -15.3732
0.244547 -13.7794
-0.234024 -13.7845
-0.239115 -15.3732
height 0.0 0.8
engine 2
points:
3.76873 3.11636
3.63913 1.17236
2.83273 0.236355
2.22793 1.11476
2.17033 5.30517
3.79753 5.29077
height -0.749151 0.750849
engine 3
points:
6.56234 0.668357
6.10154 1.10036
5.87114 1.76276
5.75594 4.75797
7.33994 4.77237
7.26794 1.73396
7.00874 1.02836
height -0.610977 0.889023
turret 2 0.24 -0.0 -3.239 -1.264 180.0 360.0
points:
0.216199 -3.67889
0.460576 -3.42433
0.419846 -2.91521
0.226381 -2.75229
-0.21146 -2.74211
-0.476202 -2.99667
-0.466019 -3.42433
-0.242007 -3.67889
0.0227341 -3.69925
height -1.65236 -0.701431
missile 000
points:
-0.466765 1.59775
-0.25217 1.59775
-0.25217 2.61487
-0.467915 2.609
height -0.01548 0.21548
missile 008
points:
-0.231134 0.257674
-0.0165401 0.257674
-0.0165402 1.27479
-0.232285 1.26892
height -0.01548 0.21548
missile 007
points:
-0.466765 1.59775
-0.25217 1.59775
-0.25217 2.61487
-0.467915 2.609
height 0.421777 0.652737
missile 002
points:
0.255119 1.59775
0.469713 1.59775
0.469713 2.61487
0.253968 2.609
height -0.01548 0.21548
missile 001
points:
-0.231134 1.59775
-0.0165401 1.59775
-0.0165402 2.61487
-0.232285 2.609
height -0.01548 0.21548
missile 006
points:
0.0194889 1.59775
0.234083 1.59775
0.234083 2.61487
0.0183382 2.609
height 0.421777 0.652737
missile 003
points:
0.0194889 1.59775
0.234083 1.59775
0.234083 2.61487
0.0183382 2.609
height -0.01548 0.21548
missile 004
points:
-0.231134 1.59775
-0.0165401 1.59775
-0.0165402 2.61487
-0.232285 2.609
height 0.421777 0.652737
missile 009
points:
0.255119 0.257674
0.469713 0.257674
0.469713 1.27479
0.253968 1.26892
height -0.01548 0.21548
missile 010
points:
0.0194889 0.257674
0.234083 0.257674
0.234083 1.27479
0.0183382 1.26892
height -0.01548 0.21548
missile 005
points:
0.255119 1.59775
0.469713 1.59775
0.469713 2.61487
0.253968 2.609
height 0.421777 0.652737
missile 014
points:
-0.466765 0.257674
-0.25217 0.257674
-0.25217 1.27479
-0.467915 1.26892
height 0.421777 0.652737
missile 012
points:
0.255119 0.257674
0.469713 0.257674
0.469713 1.27479
0.253968 1.26892
height 0.421777 0.652737
missile 013
points:
0.0194889 0.257674
0.234083 0.257674
0.234083 1.27479
0.0183382 1.26892
height 0.421777 0.652737
missile 011
points:
-0.231134 0.257674
-0.0165401 0.257674
-0.0165402 1.27479
-0.232285 1.26892
height 0.421777 0.652737
missile 015
points:
-0.466765 0.257674
-0.25217 0.257674
-0.25217 1.27479
-0.467915 1.26892
height -0.01548 0.21548
cabine
points:
-0.784689 3.55041
0.799316 3.55041
0.720115 4.82481
0.000113502 5.41521
-0.698288 4.81041
height 0.539171 1.73917
tank 0
points:
-1.33695 0.22183
-1.35135 3.27464
-5.97376 2.49704
-6.01696 0.23623
height -0.300053 0.399947
tank 1
points:
1.35135 3.27464
1.33695 0.22183
6.01696 0.23623
5.97376 2.49704
height -0.300053 0.399947
ammunition 2
points:
0.216199 -3.67889
0.460576 -3.42433
0.419846 -2.91521
0.226381 -2.75229
-0.21146 -2.74211
-0.476202 -2.99667
-0.466019 -3.42433
-0.242007 -3.67889
0.0227341 -3.69925
height -0.646589 -0.406403
ammunition 3
points:
0.234365 -13.5917
0.244547 -13.199
-0.234024 -13.2041
-0.239115 -13.5917
height 0.0 0.8
ammunition 1
points:
0.216199 2.57391
0.460576 2.82846
0.419846 3.33758
0.226381 3.5005
-0.21146 3.51068
-0.476202 3.25612
-0.466019 2.82846
-0.242007 2.57391
0.0227341 2.55354
height 0.964302 1.20449
ammunition 0
points:
0.216199 6.68626
0.460576 6.94082
0.419846 7.44994
0.226381 7.61286
-0.21146 7.62304
-0.476202 7.36848
-0.466019 6.94082
-0.242007 6.68626
0.0227341 6.6659
height -0.468158 -0.227972
