framework
points:
0.0 5.43667
0.488767 4.46378
0.820437 2.31898
0.754103 -0.312265
0.0860564 -5.41261
-0.0860566 -5.41261
-0.754103 -0.312265
-0.820437 2.31898
-0.488767 4.46378
height -0.576036 0.628964
cabine
points:
0.0 -0.759703
-0.232826 -0.560702
-0.442301 0.151513
-0.431827 1.36647
-0.253773 2.01584
0.253773 2.01584
0.431827 1.36647
0.442301 0.151513
0.232826 -0.560702
height 0.290216 1.04022
wing 1
points:
0.944619 -0.190585
2.83256 0.0810619
6.13307 -0.299244
6.40472 -0.272079
6.4998 0.583609
0.89029 2.30857
height -0.487073 -0.197073
wing 0
points:
-0.953824 -0.190585
-2.84177 0.0810619
-6.14228 -0.299244
-6.41393 -0.272079
-6.509 0.583609
-0.899495 2.30857
height -0.487073 -0.197073
engine 1
points:
1.91394 -0.0903125
2.11768 -0.633606
2.60664 -0.620024
2.72888 -0.185389
2.7968 1.81122
2.74247 2.84347
2.57948 3.29169
2.07693 3.29169
1.90036 2.7484
1.8732 2.08286
height -1.0981 -0.348099
engine 0
points:
-1.92394 -0.0900465
-2.12767 -0.63334
-2.61664 -0.619758
-2.73888 -0.185123
-2.80679 1.81148
-2.75246 2.84374
-2.58947 3.29196
-2.08693 3.29196
-1.91036 2.74866
-1.88319 2.08313
height -1.0981 -0.348099
tail
points:
1.92858 -4.39411
1.92378 -4.79749
0.358297 -4.91274
0.0 -4.70625
-0.358297 -4.91274
-1.92378 -4.79749
-1.92858 -4.39411
0.0 -3.55375
height 0.676456 0.871457
gun 3
points:
0.268839 2.84464
0.422506 2.84464
0.422506 4.51096
0.268839 4.51096
height 0.218346 0.354096
gun 2
points:
0.0614263 2.84464
0.215093 2.84464
0.215093 4.51096
0.0614263 4.51096
height 0.339538 0.475288
gun 1
points:
-0.214833 2.84464
-0.0611667 2.84464
-0.0611667 4.51096
-0.214833 4.51096
height 0.339538 0.475288
gun 0
points:
-0.42539 2.84464
-0.271723 2.84464
-0.271723 4.51096
-0.42539 4.51096
height 0.218346 0.354096
tank 1
points:
-0.317542 -1.59895
0.317542 -1.59895
0.317542 -0.840813
-0.317542 -0.840813
height -0.181787 0.408926
tank 0
points:
-0.317542 2.04372
0.317542 2.04372
0.317542 2.80185
-0.317542 2.80185
height -0.181787 0.408926
ammunition
points:
-0.333888 2.88451
0.264996 2.88451
0.264996 4.21702
-0.333888 4.21702
height -0.0284094 0.134557
