wing 1
points:
0.597955 -1.04384
4.68409 -0.247102
4.95726 0.310616
4.77515 0.777278
0.700393 1.22118
height -0.0152233 0.272054
wing 0
points:
-0.670541 1.22118
-4.7453 0.777278
-4.92741 0.310616
-4.65424 -0.247102
-0.568103 -1.04384
height -0.0152233 0.272054
framework 0
points:
-0.000624771 3.7136
-0.404443 3.69083
-0.723139 2.21117
-0.563791 -2.06846
-0.000624771 -5.20989
0.562542 -2.06846
0.72189 2.21117
0.403194 3.69083
height -0.610469 0.554531
cabine 0
points:
0.287771 1.158
0.335 1.85
0.0 2.91247
-0.335 1.85
-0.293 1.158
0.0 0.707238
height -0.0711699 0.815603
gun 0
points:
-0.330203 4.08958
-0.398495 4.08958
-0.398495 2.12619
-0.330203 2.12619
height -0.592198 -0.526124
gun 1
points:
0.0482954 4.2034
-0.0484515 4.2034
-0.0484515 2.47903
0.0482954 2.47903
height -0.128942 -0.0361972
gun 2
points:
0.395769 4.08958
0.327477 4.08958
0.327477 2.12619
0.395769 2.12619
height -0.592198 -0.526124
engine 1
points:
0.0 3.04218
0.449887 2.97218
0.581827 2.02972
0.615973 -0.872691
0.0 -0.87269
height -0.509014 0.245489
engine 0
points:
0.0 -0.872775
-0.595421 -0.872775
-0.561275 2.02963
-0.429335 2.97209
0.0 3.0421
height -0.509014 0.245489
tail 0
points:
1.04743 -5.20444
1.74067 -4.7469
-0.00488121 -3.70704
-1.75044 -4.7469
-1.05719 -5.20444
-0.00488121 -5.24604
height 0.926935 1.12498
tank 2
points:
3.37585 0.81897
0.939797 0.81897
0.939797 -0.343983
3.37585 -0.343983
height -0.0121193 0.272032
tank 0
points:
-0.939975 0.81897
-3.37602 0.81897
-3.37602 -0.343983
-0.939975 -0.343983
height -0.0121193 0.272032
tank 1
points:
0.364224 -1.08128
-0.364224 -1.08128
-0.364224 -2.83411
0.364224 -2.83411
height -0.139154 0.522805
ammunition 0
points:
0.079674 3.58036
-0.079674 3.58036
-0.079674 2.96451
0.079674 2.96451
height -0.589799 -0.139256
ammunition 1
points:
0.225272 2.01256
-0.225272 2.01256
-0.225272 1.39671
0.225272 1.39671
height -0.657125 -0.497777
